2.22E-04
5.47E-05
2.41E-05
1.35E-05
8.60E-06
5.96E-06
4.38E-06
3.35E-06
2.64E-06
2.14E-06
1.77E-06
1.49E-06
1.27E-06
1.09E-06
9.50E-07
8.35E-07
7.39E-07
6.59E-07
5.92E-07
5.34E-07
4.84E-07
4.41E-07
4.04E-07
3.71E-07
3.42E-07
3.16E-07
2.93E-07
2.72E-07
2.54E-07
2.37E-07
2.22E-07
2.09E-07
1.96E-07
1.85E-07
1.74E-07
1.65E-07
1.56E-07
1.48E-07
1.40E-07
1.33E-07
1.27E-07
1.21E-07
1.15E-07
1.10E-07
1.05E-07
1.01E-07
9.67E-08
9.27E-08
8.89E-08
8.54E-08
8.21E-08
7.90E-08
7.60E-08
7.32E-08
7.06E-08
6.81E-08
6.57E-08
6.35E-08
6.13E-08
5.93E-08
5.74E-08
5.55E-08
5.38E-08
5.21E-08
5.05E-08
4.90E-08
4.76E-08
4.62E-08
4.48E-08
4.36E-08
4.24E-08
4.12E-08
4.01E-08
3.90E-08
3.80E-08
3.70E-08
3.60E-08
3.51E-08
3.42E-08
3.34E-08
3.25E-08
3.18E-08
3.10E-08
3.03E-08
2.95E-08
2.89E-08
2.82E-08
2.76E-08
2.70E-08
2.64E-08
2.58E-08
2.52E-08
2.47E-08
2.42E-08
2.37E-08
2.32E-08
2.27E-08
2.22E-08
2.18E-08
2.13E-08
2.09E-08
2.05E-08
2.01E-08
1.97E-08
1.94E-08
1.90E-08
1.86E-08
1.83E-08
1.80E-08
1.76E-08
1.73E-08
1.70E-08
1.67E-08
1.64E-08
1.61E-08
1.59E-08
1.56E-08
1.53E-08
1.51E-08
1.48E-08
1.46E-08
1.43E-08
1.41E-08
1.39E-08
1.37E-08
1.34E-08
1.32E-08
1.30E-08
1.28E-08
1.26E-08
1.24E-08
1.23E-08
1.21E-08
1.19E-08
1.17E-08
1.15E-08
1.14E-08
1.12E-08
1.10E-08
1.09E-08
1.07E-08
1.06E-08
1.04E-08
1.03E-08
1.02E-08
1.00E-08
9.88E-09
9.75E-09
9.62E-09
9.49E-09
